 2.6731647e+001
 2.6277115e+001
 2.5844414e+001
 2.5432571e+001
 2.5040613e+001
 2.4667564e+001
 2.4312452e+001
 2.3974304e+001
 2.3652143e+001
 2.3344999e+001
 2.3051895e+001
 2.2771860e+001
 2.2503920e+001
 2.2247099e+001
 2.2000423e+001
 2.1762922e+001
 2.1533621e+001
 2.1311544e+001
 2.1095720e+001
 2.0885174e+001
 2.0678930e+001
 2.0476019e+001
 2.0275463e+001
 2.0076290e+001
 1.9877529e+001
 1.9678202e+001
 1.9497345e+001
 1.9296066e+001
 1.9125368e+001
 1.9000797e+001
 1.8774384e+001
 1.8525084e+001
 1.8269672e+001
 1.7974197e+001
 1.7646872e+001
 1.7327059e+001
 1.6958223e+001
 1.6667107e+001
 1.6314201e+001
 1.5947328e+001
 1.5491543e+001
 1.5050694e+001
 1.4748862e+001
 1.4401368e+001
 1.4090916e+001
 1.3706758e+001
 1.3279703e+001
 1.2884108e+001
 1.2474840e+001
 1.2019957e+001
 1.1569580e+001
 1.1137709e+001
 1.0736758e+001
 1.0283390e+001
 9.9107208e+000
 9.5197420e+000
 9.1285906e+000
 8.7071390e+000
 8.3576899e+000
 7.9987559e+000
 7.6323037e+000
 7.2568254e+000
 6.8626204e+000
 6.4927683e+000
 6.1257324e+000
 5.8026586e+000
 5.5172091e+000
 5.1172724e+000
 4.7734900e+000
 4.4752917e+000
 4.2376432e+000
 3.9751604e+000
 3.6651301e+000
 3.4100003e+000
 3.0733194e+000
 2.7753680e+000
 2.4269397e+000
 2.1019633e+000
 1.8458565e+000
 1.5473181e+000
 1.2009205e+000
 8.9217252e-001
 5.0245631e-001
 1.5275909e-001
 -2.2528386e-001
 -4.9766231e-001
 -8.4307897e-001
 -1.0925357e+000
 -1.4420716e+000
 -1.7307093e+000
 -1.9810494e+000
 -2.1813443e+000
 -2.4374287e+000
 -2.6853230e+000
 -2.9323468e+000
 -3.2578545e+000
 -3.5190158e+000
 -3.7816582e+000
 -4.0675850e+000
 -4.3039045e+000
 -4.4808116e+000
 -4.6149035e+000
 -4.7309799e+000
 -4.8244214e+000
 -4.8636503e+000
 -4.9041214e+000
 -4.8450336e+000
 -4.8286309e+000
 -4.8323355e+000
 -4.8535018e+000
 -4.8000760e+000
 -4.7227521e+000
 -4.7128139e+000
 -4.7398567e+000
 -4.7652516e+000
 -4.8078909e+000
 -4.8737383e+000
 -4.9950953e+000
 -5.0577941e+000
 -5.1159058e+000
 -5.2425098e+000
 -5.3844647e+000
 -5.6116295e+000
 -5.8286948e+000
 -6.0277247e+000
 -6.2190595e+000
 -6.4606209e+000
 -6.6461725e+000
 -6.8134470e+000
 -7.0435076e+000
 -7.2732272e+000
 -7.5638680e+000
 -7.8099160e+000
 -8.0523252e+000
 -8.3736496e+000
 -8.5877008e+000
 -8.9033108e+000
 -9.1937914e+000
 -9.5125732e+000
 -9.7294216e+000
 -9.9258385e+000
 -1.0162429e+001
 -1.0359539e+001
 -1.0496324e+001
 -1.0655540e+001
 -1.0733836e+001
 -1.0753896e+001
 -1.0726485e+001
 -1.0622011e+001
 -1.0419389e+001
 -1.0214958e+001
 -9.9496765e+000
 -9.6749210e+000
 -9.3716383e+000
 -9.0285254e+000
 -8.6536980e+000
 -8.2260437e+000
 -7.9218092e+000
 -7.5000677e+000
 -7.0782232e+000
 -6.5859499e+000
 -6.1175938e+000
 -5.6363378e+000
 -5.1554852e+000
 -4.6463313e+000
 -4.1299639e+000
 -3.5602934e+000
 -2.9979384e+000
 -2.4740832e+000
 -1.9376708e+000
 -1.4100957e+000
 -9.1614300e-001
 -4.2899647e-001
 6.9489419e-002
 5.6712455e-001
 1.0192429e+000
 1.4714684e+000
 1.9174296e+000
 2.2881167e+000
 2.6185715e+000
 2.8675120e+000
 3.1092355e+000
 3.3024378e+000
 3.4344344e+000
 3.5831366e+000
 3.6684918e+000
 3.7066591e+000
 3.6372099e+000
 3.5276766e+000
 3.3716996e+000
 3.1475787e+000
 2.8071933e+000
 2.4685853e+000
 2.0479848e+000
 1.5922403e+000
 1.1637348e+000
 6.6633761e-001
 2.0932576e-001
 -2.4701746e-001
 -7.0416123e-001
 -1.1855761e+000
 -1.6757902e+000
 -2.0571966e+000
 -2.4647510e+000
 -2.7325594e+000
 -3.0494769e+000
 -3.3172121e+000
 -3.5302727e+000
 -3.5696981e+000
 -3.6084139e+000
 -3.4596629e+000
 -3.2814057e+000
 -3.0856509e+000
 -2.7412000e+000
 -2.3564348e+000
 -1.9219851e+000
 -1.3365716e+000
 -7.3113531e-001
 -3.9411351e-002
 7.3562634e-001
 1.5654501e+000
 2.4520218e+000
 3.3702245e+000
 4.3786407e+000
 5.3991761e+000
 6.5429759e+000
 7.6273031e+000
 8.7815466e+000
 9.8924465e+000
 1.1127623e+001
 1.2310594e+001
 1.3541286e+001
 1.4763948e+001
 1.6058311e+001
 1.7276358e+001
 1.8463636e+001
 1.9669392e+001
 2.0707886e+001
 2.1794943e+001
 2.2904737e+001
 2.3939476e+001
 2.4955715e+001
 2.6062281e+001
 2.7128094e+001
 2.8187262e+001
 2.9245745e+001
 3.0310278e+001
 3.1385004e+001
 3.2436199e+001
 3.3467346e+001
 3.4551502e+001
 3.5676712e+001
 3.6902443e+001
 3.8063084e+001
 3.9266312e+001
 4.0424938e+001
 4.1641495e+001
 4.2886574e+001
 4.4135029e+001
 4.5437454e+001
 4.6782791e+001
 4.8053200e+001
 4.9354492e+001
 5.0734268e+001
 5.2080879e+001
 5.3507832e+001
 5.4910267e+001
 5.6313877e+001
 5.7713642e+001
 5.9095131e+001
 6.0381985e+001
 6.1608433e+001
 6.2769344e+001
 6.3959381e+001
 6.5059700e+001
 6.6133484e+001
 6.7151741e+001
 6.8199280e+001
 6.9091812e+001
 6.9993698e+001
 7.0756393e+001
 7.1561798e+001
 7.2233284e+001
 7.2807228e+001
 7.3237289e+001
 7.3686485e+001
 7.3909698e+001
 7.3948975e+001
 7.3951416e+001
 7.3776558e+001
 7.3559296e+001
 7.3264717e+001
 7.2886292e+001
 7.2418259e+001
 7.1899040e+001
 7.1363235e+001
 7.0759903e+001
 7.0095535e+001
 6.9438347e+001
 6.8655281e+001
 6.7862976e+001
 6.7034485e+001
 6.6185753e+001
 6.5227455e+001
 6.4205421e+001
 6.3054047e+001
 6.1902805e+001
 6.0725151e+001
 5.9551678e+001
 5.8363598e+001
 5.7151157e+001
 5.5975536e+001
 5.4884933e+001
 5.3842052e+001
 5.2829189e+001
 5.1810837e+001
 5.0839676e+001
 4.9888428e+001
 4.8827759e+001
 4.7747459e+001
 4.6682522e+001
 4.5612606e+001
 4.4617176e+001
 4.3662460e+001
 4.2697868e+001
 4.1794067e+001
 4.0972015e+001
 4.0055416e+001
 3.9119156e+001
 3.8243126e+001
 3.7321732e+001
 3.6406708e+001
 3.5374016e+001
 3.4383305e+001
 3.3474915e+001
 3.2536148e+001
 3.1506176e+001
 3.0566313e+001
 2.9634558e+001
 2.8773069e+001
 2.8031380e+001
 2.7191917e+001
 2.6384308e+001
 2.5651217e+001
 2.4921675e+001
 2.4215332e+001
 2.3455324e+001
 2.2714838e+001
 2.2022781e+001
 2.1207151e+001
 2.0531046e+001
 1.9756842e+001
 1.9025957e+001
 1.8187265e+001
 1.7346687e+001
 1.6511591e+001
 1.5755667e+001
 1.5053609e+001
 1.4385379e+001
 1.3736583e+001
 1.3083369e+001
 1.2559089e+001
 1.2040006e+001
 1.1532550e+001
 1.1063190e+001
 1.0543879e+001
 1.0073344e+001
 9.5031862e+000
 8.9891052e+000
 8.5610466e+000
 8.1509352e+000
 7.7201772e+000
 7.3090692e+000
 6.9131632e+000
 6.5425124e+000
 6.1832728e+000
 5.7829752e+000
 5.3440986e+000
 4.9512420e+000
 4.5580916e+000
 4.1607404e+000
 3.7492225e+000
 3.3636267e+000
 3.0217774e+000
 2.7046649e+000
 2.3146639e+000
 1.9782431e+000
 1.7428331e+000
 1.3488898e+000
 1.0495979e+000
 7.4786359e-001
 4.2791525e-001
 1.5309778e-001
 -1.5152475e-001
 -3.1650981e-001
 -4.1808605e-001
 -5.7755870e-001
 -6.3150519e-001
 -6.5382677e-001
 -6.4929527e-001
 -6.1356139e-001
 -6.0189277e-001
 -5.7099497e-001
 -5.3618616e-001
 -4.2117217e-001
 -3.2946217e-001
 -2.7315179e-001
 -1.0222820e-001
 -1.4528410e-002
 7.3566377e-002
 1.7593440e-001
 2.7974489e-001
 3.6489558e-001
 4.3440473e-001
 5.4319352e-001
 5.8790141e-001
 6.5028882e-001
 6.7103279e-001
 7.0498276e-001
 6.8299574e-001
 6.0881919e-001
 5.9584332e-001
 4.6816221e-001
 4.2062232e-001
 3.1610927e-001
 2.5214237e-001
 1.8749654e-001
 6.2648311e-002
 -3.2037579e-002
 -1.1486592e-002
 -8.5707888e-002
 -2.1446069e-001
 -3.2281527e-001
 -4.3771881e-001
 -5.8185327e-001
 -7.3382449e-001
 -8.7949437e-001
 -1.0271287e+000
 -1.2202328e+000
 -1.2549862e+000
 -1.2619433e+000
 -1.2954707e+000
 -1.2888361e+000
 -1.2608194e+000
 -1.0891112e+000
 -9.8431200e-001
 -8.8407129e-001
 -7.3920262e-001
 -5.8551490e-001
 -4.2907882e-001
 -2.9611689e-001
 -2.0047137e-001
 -9.4403788e-002
 5.5738091e-002
 2.0000654e-001
 2.9892331e-001
 4.7818753e-001
 6.8887079e-001
 8.8788062e-001
 1.0675476e+000
 1.1844749e+000
 1.3190074e+000
 1.5053197e+000
 1.6051861e+000
 1.6693265e+000
 1.7582463e+000
 1.7806671e+000
 1.8755521e+000
 1.9654208e+000
 2.0819259e+000
 2.2535822e+000
 2.4122126e+000
 2.4631503e+000
 2.6056283e+000
 2.6739562e+000
 2.7366903e+000
 2.7138951e+000
 2.6920695e+000
 2.7871940e+000
 2.7987149e+000
 2.6037672e+000
 2.3944285e+000
 2.1721814e+000
 1.9328517e+000
 1.5835295e+000
 1.2065041e+000
 8.7473702e-001
 5.5200636e-001
 1.6925111e-001
 -2.2356254e-001
 -6.0415590e-001
 -1.0990545e+000
 -1.5671178e+000
 -1.9837102e+000
 -2.4078891e+000
 -2.8376088e+000
 -3.2625494e+000
 -3.7261860e+000
 -4.1302695e+000
 -4.6105728e+000
 -5.1318722e+000
 -5.7168612e+000
 -6.2013836e+000
 -6.7487593e+000
 -7.2832093e+000
 -7.8323588e+000
 -8.3706474e+000
 -8.9265251e+000
 -9.4301453e+000
 -1.0013260e+001
 -1.0599914e+001
 -1.1165453e+001
 -1.1769642e+001
 -1.2443849e+001
 -1.3127415e+001
 -1.3830240e+001
 -1.4572542e+001
 -1.5312298e+001
 -1.6083733e+001
 -1.6882242e+001
 -1.7753664e+001
 -1.8693779e+001
 -1.9690567e+001
 -2.0659546e+001
 -2.1707958e+001
 -2.2741377e+001
 -2.3791462e+001
 -2.4871683e+001
 -2.5972569e+001
 -2.7156155e+001
 -2.8308462e+001
 -2.9491009e+001
 -3.0612791e+001
 -3.1745743e+001
 -3.2888428e+001
 -3.3948017e+001
 -3.4988937e+001
 -3.5990242e+001
 -3.6962666e+001
 -3.7889172e+001
 -3.8736435e+001
 -3.9661224e+001
 -4.0504230e+001
 -4.1305660e+001
 -4.2217316e+001
 -4.3104069e+001
 -4.3898781e+001
 -4.4692810e+001
 -4.5457737e+001
 -4.6242958e+001
 -4.7057728e+001
 -4.7733280e+001
 -4.8290607e+001
 -4.8873096e+001
 -4.9397617e+001
 -4.9801769e+001
 -5.0152546e+001
 -5.0411079e+001
 -5.0554821e+001
 -5.0711826e+001
 -5.0800385e+001
 -5.0873417e+001
 -5.0934509e+001
 -5.1045834e+001
 -5.1116226e+001
 -5.1108177e+001
 -5.1091976e+001
 -5.1040966e+001
 -5.0958679e+001
 -5.0878078e+001
 -5.0697926e+001
 -5.0465916e+001
 -5.0222122e+001
 -4.9891830e+001
 -4.9555531e+001
 -4.9184608e+001
 -4.8674805e+001
 -4.8112915e+001
 -4.7490028e+001
 -4.6763359e+001
 -4.6050392e+001
 -4.5240330e+001
 -4.4349789e+001
 -4.3514153e+001
 -4.2583317e+001
 -4.1598801e+001
 -4.0601654e+001
 -3.9550453e+001
 -3.8482655e+001
 -3.7442429e+001
 -3.6343220e+001
 -3.5312210e+001
 -3.4184677e+001
 -3.3113697e+001
 -3.1996748e+001
 -3.0787521e+001
 -2.9587839e+001
 -2.8472488e+001
 -2.7310892e+001
 -2.6093018e+001
 -2.4849110e+001
 -2.3547565e+001
 -2.2260822e+001
 -2.1025805e+001
 -1.9743015e+001
 -1.8520344e+001
 -1.7434521e+001
 -1.6362808e+001
 -1.5331221e+001
 -1.4403278e+001
 -1.3464552e+001
 -1.2719139e+001
 -1.2056108e+001
 -1.1443494e+001
 -1.0915500e+001
 -1.0437936e+001
 -1.0106497e+001
 -9.8142662e+000
 -9.5813293e+000
 -9.3789511e+000
 -9.1816168e+000
 -9.1139374e+000
 -9.1113043e+000
 -9.1131697e+000
 -9.2270346e+000
 -9.3023348e+000
 -9.3334522e+000
 -9.4183197e+000
 -9.5857992e+000
 -9.6897345e+000
 -9.8235407e+000
 -9.9005203e+000
 -1.0133686e+001
 -1.0363157e+001
 -1.0550581e+001
 -1.0878944e+001
 -1.1186430e+001
 -1.1484675e+001
 -1.1729639e+001
 -1.1962786e+001
 -1.2133729e+001
 -1.2175682e+001
 -1.2183251e+001
 -1.2100520e+001
 -1.1884407e+001
 -1.1575764e+001
 -1.1224870e+001
 -1.0782742e+001
 -1.0270714e+001
 -9.6818981e+000
 -9.0969963e+000
 -8.4785576e+000
 -7.8513827e+000
 -7.2789216e+000
 -6.7331934e+000
 -6.1820459e+000
 -5.5924311e+000
 -4.9521451e+000
 -4.3584499e+000
 -3.7575064e+000
 -3.1311655e+000
 -2.6181591e+000
 -2.0527215e+000
 -1.5662901e+000
 -1.0520571e+000
 -5.3242183e-001
 -1.2390644e-001
 2.7897012e-001
 6.7439115e-001
 9.6854144e-001
 1.2185009e+000
 1.3641609e+000
 1.5951918e+000
 1.8099359e+000
 1.9604191e+000
 2.1649070e+000
 2.2931745e+000
 2.3121603e+000
 2.2464850e+000
 2.1875887e+000
 2.0457048e+000
 1.7329488e+000
 1.3258929e+000
 9.6453220e-001
 4.5894155e-001
 -1.3341923e-001
 -6.2564212e-001
 -1.1495670e+000
 -1.6940265e+000
 -2.1945310e+000
 -2.7357957e+000
 -3.2122045e+000
 -3.7109320e+000
 -4.2192740e+000
 -4.7644687e+000
 -5.3438430e+000
 -6.0057583e+000
 -6.7425504e+000
 -7.5238647e+000
 -8.2992659e+000
 -9.1879072e+000
 -1.0072936e+001
 -1.1061357e+001
 -1.2037217e+001
 -1.2935890e+001
 -1.3839006e+001
 -1.4792762e+001
 -1.5747949e+001
 -1.6690907e+001
 -1.7576351e+001
 -1.8456453e+001
 -1.9351763e+001
 -2.0331518e+001
 -2.1215750e+001
 -2.2055237e+001
 -2.2878576e+001
 -2.3758766e+001
 -2.4559790e+001
 -2.5296305e+001
 -2.6084494e+001
 -2.6770445e+001
 -2.7394073e+001
 -2.7887154e+001
 -2.8447136e+001
 -2.8867550e+001
 -2.9235922e+001
 -2.9550079e+001
 -2.9785322e+001
 -2.9958986e+001
 -3.0086729e+001
 -3.0291042e+001
 -3.0497087e+001
 -3.0549149e+001
 -3.0553089e+001
 -3.0562229e+001
 -3.0509079e+001
 -3.0324686e+001
 -3.0167036e+001
 -2.9915392e+001
 -2.9634163e+001
 -2.9356123e+001
 -2.8893335e+001
 -2.8472347e+001
 -2.8066290e+001
 -2.7628204e+001
 -2.7153053e+001
 -2.6653366e+001
 -2.6206606e+001
 -2.5735266e+001
 -2.5315544e+001
 -2.4887062e+001
 -2.4459831e+001
 -2.4016479e+001
 -2.3501928e+001
 -2.3023279e+001
 -2.2586439e+001
 -2.2134706e+001
 -2.1697861e+001
 -2.1268372e+001
 -2.0856350e+001
 -2.0502926e+001
 -2.0157928e+001
 -1.9869781e+001
 -1.9498983e+001
 -1.9212498e+001
 -1.8873703e+001
 -1.8577234e+001
 -1.8233242e+001
 -1.7888363e+001
 -1.7550316e+001
 -1.7073109e+001
 -1.6624866e+001
 -1.6166718e+001
 -1.5637012e+001
 -1.4997371e+001
 -1.4412724e+001
 -1.3801242e+001
 -1.3204526e+001
 -1.2537114e+001
 -1.1839852e+001
 -1.1163080e+001
 -1.0441745e+001
 -9.6462393e+000
 -8.8361721e+000
 -8.0204363e+000
 -7.1539121e+000
 -6.2972918e+000
 -5.4668517e+000
 -4.6322145e+000
 -3.8419936e+000
 -3.0653422e+000
 -2.2989028e+000
 -1.6658940e+000
 -1.0499300e+000
 -4.8365685e-001
 4.4501256e-002
 4.7902504e-001
 8.5547692e-001
 1.1398243e+000
 1.4107080e+000
 1.6593096e+000
 1.8139417e+000
 2.0049658e+000
 2.1428826e+000
 2.1796396e+000
 2.1713059e+000
 2.1357601e+000
 2.0902083e+000
 1.9364276e+000
 1.7473630e+000
 1.5256882e+000
 1.3011929e+000
 1.0419743e+000
 8.1112844e-001
 7.1546841e-001
 6.0772288e-001
 5.2521998e-001
 4.7810107e-001
 3.8968602e-001
 3.7276301e-001
 4.1833803e-001
 4.2295012e-001
 4.1920868e-001
 4.7731623e-001
 5.7461709e-001
 5.8133310e-001
 7.0420504e-001
 8.2478607e-001
 1.0479643e+000
 1.1677994e+000
 1.2885733e+000
 1.4130510e+000
 1.6027004e+000
 1.7946424e+000
 1.9469546e+000
 2.1291842e+000
 2.2330427e+000
 2.3654382e+000
 2.4704452e+000
 2.5458951e+000
 2.6352024e+000
 2.6563408e+000
 2.6506908e+000
 2.6047797e+000
 2.4963267e+000
 2.3015227e+000
 2.1008072e+000
 1.8318703e+000
 1.5620701e+000
 1.3334589e+000
 9.8366624e-001
 6.7581517e-001
 3.7492478e-001
 6.0879547e-002
 -3.0175671e-001
 -7.1498853e-001
 -1.0490772e+000
 -1.3762389e+000
 -1.7047124e+000
 -2.0593433e+000
 -2.3882668e+000
 -2.6377103e+000
 -2.9531455e+000
 -3.1597672e+000
 -3.2991543e+000
 -3.4919641e+000
 -3.6904464e+000
 -3.8196955e+000
 -3.9676635e+000
 -4.0155864e+000
 -4.1046700e+000
 -4.2444949e+000
 -4.2917891e+000
 -4.3016100e+000
 -4.3571782e+000
 -4.4028463e+000
 -4.3586974e+000
 -4.3050208e+000
 -4.2419844e+000
 -4.2386565e+000
 -4.1907024e+000
 -4.2318931e+000
 -4.2063823e+000
 -4.1589427e+000
 -4.1736097e+000
 -4.1440783e+000
 -4.0893941e+000
 -4.0931191e+000
 -4.0557337e+000
 -4.1238284e+000
 -4.2088976e+000
 -4.3323088e+000
 -4.5856438e+000
 -4.8569975e+000
 -5.2631569e+000
 -5.6200643e+000
 -5.9333205e+000
 -6.2920218e+000
 -6.5276971e+000
 -6.8498979e+000
 -7.2445703e+000
 -7.5629449e+000
 -7.9143095e+000
 -8.2792892e+000
 -8.6601629e+000
 -9.0230227e+000
 -9.2114639e+000
 -9.3653393e+000
 -9.5444689e+000
 -9.7287121e+000
 -9.7733145e+000
 -9.7890835e+000
 -9.9287338e+000
 -9.8816261e+000
 -9.8179588e+000
 -9.7903719e+000
 -9.7906036e+000
 -9.7212534e+000
 -9.7034941e+000
 -9.7007408e+000
 -9.7552700e+000
 -9.7657146e+000
 -9.7456894e+000
 -9.8147449e+000
 -9.8731070e+000
 -9.8331308e+000
 -9.8209543e+000
 -9.8200607e+000
 -9.8848219e+000
 -9.9522629e+000
 -9.9926424e+000
 -1.0126939e+001
 -1.0167184e+001
 -1.0273153e+001
 -1.0398576e+001
 -1.0420363e+001
 -1.0456186e+001
 -1.0524131e+001
 -1.0552606e+001
 -1.0703016e+001
 -1.0774250e+001
 -1.0819107e+001
 -1.1000131e+001
 -1.1078946e+001
 -1.1216026e+001
 -1.1190216e+001
 -1.1231473e+001
 -1.1207682e+001
 -1.1093985e+001
 -1.1018218e+001
 -1.0881319e+001
 -1.0557535e+001
 -1.0191384e+001
 -9.7772264e+000
 -9.2969379e+000
 -8.7028532e+000
 -8.0520897e+000
 -7.5041161e+000
 -6.9553199e+000
 -6.3388863e+000
 -5.7897205e+000
 -5.2551956e+000
 -4.7462535e+000
 -4.2574253e+000
 -3.8483682e+000
 -3.5323584e+000
 -3.2178793e+000
 -2.9444709e+000
 -2.6975236e+000
 -2.3940871e+000
 -2.0791457e+000
 -1.7093946e+000
 -1.3928349e+000
 -1.1606534e+000
 -9.0110457e-001
 -6.8333226e-001
 -5.1162499e-001
 -3.7659931e-001
 -1.8535836e-001
 -3.5146736e-002
 1.0621759e-001
 2.4691251e-001
 3.6308542e-001
 4.4013485e-001
 5.4361618e-001
 6.5099967e-001
 7.3977870e-001
 8.4270144e-001
 9.4552946e-001
 1.0891759e+000
 1.2368677e+000
 1.3559673e+000
 1.4702190e+000
 1.6333728e+000
 1.7976389e+000
 1.9477910e+000
 2.0327725e+000
 2.2052345e+000
 2.3433955e+000
 2.5233819e+000
 2.6727304e+000
 2.7907157e+000
 2.8732519e+000
 2.9162529e+000
 2.9156318e+000
 2.8673029e+000
 2.7671797e+000
 2.6111760e+000
 2.3952057e+000
 2.1151824e+000
 1.7670199e+000
 1.3466319e+000
 8.4993231e-001
 2.7283475e-001
 -3.8874698e-001
 -1.1388991e+000
 -1.9817079e+000
 -2.9212596e+000
 -3.9616406e+000
 -5.1069369e+000
 -6.3612347e+000
 -7.7286205e+000
 -9.2131805e+000
 -1.0819000e+001
 -1.2550167e+001
